ABE	288	6.38194444444	36.214709416	-45	190
ABI	208	1.64903846154	27.7536940839	-22	217
ABQ	2053	0.25621042377	33.0940625385	-49	670
ABR	59	-1.86440677966	40.0647999376	-35	233
ABY	84	-1.03571428571	39.4096332265	-25	284
ACT	117	1.45299145299	32.9494115186	-23	229
ACV	240	8.6375	38.3309450623	-33	226
ADK	7	3.14285714286	22.7920203246	-28	35
ADQ	51	15.9215686275	70.2013797976	-22	428
AEX	296	5.32094594595	46.6689208141	-30	433
AGS	244	-2.95901639344	27.8574849133	-39	269
ALB	807	3.29863692689	39.0147746478	-48	381
ALO	56	-0.0357142857143	55.0764639671	-55	290
AMA	602	5.3438538206	45.0146181148	-31	421
ANC	1211	-1.21800165153	31.5263296436	-57	633
APN	54	-10.7962962963	24.0529130779	-77	90
ART	50	18.6	94.1009011213	-45	539
ASE	592	8.63006756757	39.7018922094	-38	301
ATL	31984	-1.70829164582	31.9977635585	-67	1429
ATW	356	6.46629213483	46.8328942875	-48	568
AUS	3706	0.0526173772261	34.940113561	-51	535
AVL	284	0.447183098592	38.6603497425	-31	376
AVP	159	3.09433962264	48.3236441922	-39	469
AZA	30	2.1	9.86582397768	-13	41
AZO	210	1.38571428571	40.6981981863	-39	294
BDL	1725	3.87188405797	35.1111979544	-45	450
BET	80	6.7	31.2127854362	-31	130
BFL	304	5.51644736842	34.3908767242	-39	273
BGM	55	-4.03636363636	36.9248303672	-40	139
BGR	30	-17.5666666667	17.1357326465	-40	20
BHM	1371	3.07075127644	36.7245829194	-46	444
BIL	190	2.43684210526	28.9504906799	-25	159
BIS	315	3.74920634921	37.147887755	-31	350
BJI	55	-0.563636363636	16.1609539006	-32	42
BKG	41	-3.0487804878	33.6667129518	-23	199
BLI	80	-7.55	25.5961330149	-66	91
BMI	242	6.06198347107	42.1543336248	-37	295
BNA	4582	2.71169794849	31.0713108756	-47	353
BOI	912	5.21820175439	35.3781760894	-32	489
BOS	8067	3.03210611132	31.5038611303	-64	729
BQK	77	-0.233766233766	37.6894848186	-25	262
BQN	134	-3.77611940299	32.9747321333	-55	207
BRD	71	-5.12676056338	38.0052363225	-44	149
BRO	194	1.53092783505	30.5314171354	-25	229
BRW	68	-2.83823529412	21.6040421136	-28	118
BTM	54	5.94444444444	50.821707094	-50	194
BTR	660	12.0772727273	76.8828509848	-36	1175
BTV	405	12.8641975309	49.5506424328	-47	521
BUF	1869	2.89941144997	40.4173164581	-53	637
BUR	2009	-3.67048282728	17.3746773256	-49	217
BWI	7758	2.80381541634	30.0549739254	-49	849
BZN	259	1.82625482625	30.8216412862	-43	185
CAE	516	5.1492248062	41.2600446068	-38	289
CAK	747	-2.1686746988	28.4192743894	-49	231
CDC	51	15.137254902	82.305533133	-24	565
CDV	58	-9.91379310345	25.7404620269	-40	121
CEC	79	13.2658227848	42.9265051289	-32	238
CHA	391	-0.785166240409	31.372205319	-38	225
CHO	142	6.87323943662	33.4776010976	-32	143
CHS	1058	0.62854442344	34.3263184465	-43	411
CIC	89	5.03370786517	35.5570762163	-26	227
CID	638	11.3479623824	86.4532137457	-42	1474
CIU	56	6.875	94.1594513192	-40	687
CLD	225	4.61333333333	24.54909076	-20	147
CLE	3743	5.73710927064	41.5050025496	-55	796
CLL	204	1.58333333333	37.0475385814	-32	269
CLT	11305	3.78363555949	31.343378213	-52	496
CMH	2175	3.05195402299	42.2581278508	-52	757
CMI	164	20.493902439	109.601592895	-38	873
CMX	52	22.9038461538	47.9502436623	-33	228
COD	58	-0.0689655172414	32.5828832844	-29	136
COS	786	3.66157760814	32.5202137951	-39	326
COU	69	10.5797101449	66.6883457931	-34	351
CPR	194	0.958762886598	34.5250280999	-28	314
CRP	582	7.49828178694	44.5621169716	-25	565
CRW	273	6.09157509158	45.4697989063	-39	441
CSG	162	0.438271604938	33.3775580792	-29	194
CVG	3022	0.768365320979	37.4736886873	-52	546
CWA	236	22.1991525424	102.095317163	-42	919
DAB	122	-2.58196721311	28.0568608495	-25	161
DAL	3825	1.86274509804	26.8454673347	-30	490
DAY	965	6.45803108808	59.2582220275	-42	937
DCA	6114	5.7193326791	40.6218519522	-64	1089
DEN	17662	5.78315026611	31.5080358885	-50	644
DFW	22895	4.94444201791	31.272933809	-56	884
DHN	114	-5.78947368421	33.1570341672	-33	226
DLH	244	5.74590163934	37.5312350521	-38	198
DRO	145	1.6275862069	29.9904949821	-30	214
DRT	52	1.42307692308	29.1650786036	-29	102
DSM	1144	4.45716783217	38.5812240567	-47	431
DTW	12534	1.84761448859	40.5437971193	-72	1568
EAU	60	6.85	51.212361127	-34	261
ECP	330	3.48787878788	40.5333159346	-29	504
EGE	309	8.60517799353	90.6865199915	-54	1308
EKO	77	8.75324675325	22.8502884032	-19	128
ELM	145	-10.2137931034	29.1807552181	-46	148
ELP	1610	2.15776397516	35.8354426286	-49	957
ERI	75	-6.49333333333	33.1166543116	-38	134
ESC	48	-6.79166666667	31.0160962558	-37	180
EUG	362	-0.168508287293	23.6402352564	-32	235
EVV	345	1.81449275362	33.9353920835	-52	228
EWN	57	-0.736842105263	26.7545231929	-26	98
EWR	9616	12.8165557404	45.1728274234	-61	1109
EYW	374	0.724598930481	43.9048029914	-38	482
FAI	320	-1.075	25.2833596633	-48	160
FAR	511	12.7260273973	65.4157689785	-43	817
FAT	910	4.8978021978	50.1689499344	-32	1194
FAY	218	-0.0275229357798	24.4412051848	-30	207
FCA	112	2.01785714286	33.8693786979	-33	236
FLG	143	-7.78321678322	19.4661641657	-30	100
FLL	6168	0.235084306096	32.1756850521	-66	518
FNT	326	-2.01226993865	46.304342741	-38	547
FSD	502	2.74302788845	53.5804998229	-43	837
FSM	204	3.04901960784	33.3209138459	-37	211
FWA	427	7.92974238876	91.1369486492	-44	1165
GCC	142	9.39436619718	54.0803129773	-38	368
GCK	59	-6.49152542373	41.6783135875	-34	163
GEG	719	3.78998609179	34.4175832803	-37	423
GFK	221	-2.98642533937	28.5517838382	-32	199
GGG	60	32.4833333333	183.009723893	-21	1113
GJT	385	9.98961038961	37.6465178794	-30	329
GNV	268	0.888059701493	36.9183044737	-28	240
GPT	367	4.72207084469	41.7495018532	-32	275
GRB	434	2.68894009217	46.7598900115	-52	467
GRI	56	13.1785714286	67.1405871404	-31	404
GRK	416	0.0721153846154	30.8703404479	-35	356
GRR	862	8.67285382831	55.0795828497	-40	939
GSO	775	5.91225806452	44.9028240675	-37	292
GSP	799	2.18648310388	32.9899584862	-51	363
GTF	139	1.42446043165	33.2458951192	-33	158
GTR	83	-3.15662650602	41.2013147812	-31	305
GUC	37	11.5405405405	41.1066327404	-29	145
GUM	31	-3.74193548387	19.4284460554	-40	51
HDN	191	1.97382198953	36.6629649008	-41	211
HIB	51	-1.72549019608	21.8339904107	-37	66
HLN	135	-6.02962962963	27.8982535003	-45	122
HNL	4336	5.02444649446	34.621330734	-45	551
HOB	47	15.4255319149	70.2581403858	-24	398
HOU	4713	3.29768724804	29.1215230325	-39	1062
HPN	657	6.45509893455	35.3726013023	-38	298
HRL	344	1.1773255814	39.2853129159	-28	387
HSV	602	2.85714285714	42.3351597087	-54	408
IAD	5883	8.57164711882	40.3566608285	-56	483
IAH	14712	5.9573817292	38.7705859619	-58	750
ICT	827	1.4038694075	33.9018864178	-47	492
IDA	203	10.7881773399	34.752583181	-25	222
ILM	266	1.47744360902	30.1951117287	-31	251
IMT	52	2.36538461538	33.2017179134	-35	137
IND	2447	2.02451982019	36.5917932482	-40	439
INL	49	-2.10204081633	21.0240387196	-26	82
IPL	61	-8.44262295082	29.9908455978	-29	205
ISN	146	19.0684931507	50.8323352879	-31	390
ISP	405	-3.54814814815	21.4948941158	-45	170
ITH	54	-7.05555555556	44.0121838477	-47	249
ITO	594	2.49494949495	30.2705196344	-51	498
IYK	58	-1.20689655172	34.933901807	-25	251
JAC	267	14.3820224719	62.5414459183	-41	460
JAN	798	4.36215538847	43.4775405625	-36	492
JAX	1901	1.37611783272	37.9342927466	-56	793
JFK	9031	1.36839774111	39.8153063562	-70	1272
JLN	60	18.9	67.7049180799	-25	419
JNU	291	2.82474226804	38.9435516266	-49	267
KOA	1094	3.92504570384	33.5258616259	-64	339
KTN	180	-5.08888888889	22.1110172212	-45	125
LAN	287	2.75958188153	50.677383928	-38	530
LAR	59	-9.08474576271	25.635568055	-36	104
LAS	10916	-0.301026016856	29.4307682049	-51	1360
LAW	150	-3.03333333333	35.8925347282	-33	260
LAX	17385	0.56922634455	26.9680860545	-58	521
LBB	575	3.47304347826	35.4651355563	-27	386
LCH	172	0.511627906977	54.496900322	-35	376
LEX	581	1.21514629948	34.3563502817	-45	232
LFT	447	10.2058165548	43.9353649007	-34	350
LGA	7751	3.38240227067	33.1308345993	-54	486
LGB	1068	-0.554307116105	31.2261432864	-42	289
LIH	1014	2.98816568047	33.6192879637	-51	270
LIT	1207	8.60397680199	51.4587108545	-55	1016
LMT	51	-5.3137254902	16.6463091358	-30	59
LNK	246	9.97154471545	51.541099147	-30	370
LRD	195	4.81538461538	38.1598208466	-29	223
LSE	83	-4.57831325301	24.9898127936	-42	111
LWS	49	-0.734693877551	16.204134645	-31	45
MAF	694	1.39481268012	42.6108235294	-34	824
MBS	247	0.736842105263	39.3220957526	-39	208
MCI	3976	2.42479879276	37.6080531816	-42	494
MCO	9443	-0.604680715874	32.3299934471	-60	926
MDT	497	2.25352112676	37.4356452187	-45	412
MDW	6497	4.24549792212	27.9017933559	-52	466
MEM	2850	0.37298245614	39.8930498941	-41	804
MFE	350	5.65428571429	43.4009483401	-28	322
MFR	241	10.5726141079	49.7152298619	-39	431
MGM	302	-0.894039735099	38.8296650506	-36	359
MHK	144	4.55555555556	57.3427649856	-44	349
MHT	768	4.38151041667	27.9849376848	-55	211
MIA	7125	0.0593684210526	31.3392798485	-53	933
MKE	2820	2.05957446809	45.168503215	-58	1591
MKG	57	6.89473684211	50.9203454323	-38	288
MLB	121	6.0	36.0566683615	-21	199
MLI	439	6.30296127563	52.2898207733	-38	592
MLU	264	1.53787878788	38.5131265565	-37	301
MMH	86	11.1395348837	27.9095862893	-29	119
MOB	440	6.15227272727	45.5752100054	-31	650
MOD	83	16.6626506024	58.7614601398	-26	319
MOT	202	15.5891089109	40.9103434256	-40	302
MQT	80	3.6875	44.0746184745	-41	200
MRY	467	3.1948608137	38.4343056833	-30	411
MSN	867	7.78546712803	55.4608250406	-41	1056
MSO	226	9.53539823009	39.0863554945	-35	342
MSP	11000	1.01572727273	34.3935580596	-65	704
MSY	3361	-0.369830407617	28.1967012002	-46	347
MTJ	202	9.45544554455	31.4421287091	-41	162
MYR	294	-4.79591836735	28.0574590292	-48	200
OAJ	136	-3.11029411765	27.1251346593	-32	134
OAK	3520	0.275284090909	19.7844612654	-50	372
OGG	1958	3.90398365679	38.8169054098	-55	1017
OKC	1848	0.379329004329	31.4793277048	-45	361
OMA	1652	1.2318401937	37.777907885	-49	786
OME	88	-0.704545454545	26.6993301784	-31	117
ONT	1755	-1.89800569801	25.5925305235	-36	429
ORD	23178	11.8118042972	42.1034641201	-64	842
ORF	1293	1.33488012374	36.5826812476	-42	464
OTH	28	12.4285714286	40.4423948547	-33	125
OTZ	88	-0.681818181818	24.3114586552	-33	105
PAH	60	-4.93333333333	33.5523202192	-41	173
PBI	2140	1.76401869159	37.2782759725	-51	797
PDX	3902	-0.681957970272	26.2237347258	-55	553
PHF	190	5.14210526316	31.1020817247	-28	195
PHL	6615	3.71761148904	36.1090444788	-63	406
PHX	14626	-0.17769725147	24.5802688779	-61	852
PIA	400	7.5225	65.0920650778	-42	886
PIH	79	16.5569620253	46.8915133198	-35	200
PIT	2671	1.97454137027	42.0323500739	-71	913
PLN	45	4.6	36.4662982642	-31	159
PNS	747	0.555555555556	35.8361336894	-31	383
PPG	9	102.333333333	301.517827002	-12	906
PSC	245	-6.25306122449	17.8913284019	-36	141
PSE	76	-8.73684210526	25.2952530045	-37	118
PSG	61	-14.8852459016	18.7101562087	-43	50
PSP	1113	5.15274034142	39.779360386	-45	379
PVD	1139	2.5531167691	35.5355404713	-50	649
PWM	475	10.5157894737	45.9652370842	-42	519
RAP	255	4.31764705882	38.1768197896	-36	263
RDD	94	12.9680851064	41.8629232953	-28	247
RDM	233	2.70386266094	33.4665663402	-49	228
RDU	3823	6.50091551138	49.4692810897	-51	1101
RFD	9	21.3333333333	23.6643191324	2	74
RHI	74	-15.0405405405	26.8279343219	-50	93
RIC	1490	7.13624161074	43.4397705123	-49	601
RKS	176	33.4659090909	78.8838493502	-38	525
RNO	1429	4.9755073478	54.4765139869	-41	1627
ROA	231	7.67532467532	47.8993804694	-29	367
ROC	873	4.71019473081	38.8016846684	-44	295
ROW	86	-2.6511627907	17.112614846	-24	65
RST	149	-0.255033557047	51.6362216208	-33	490
RSW	2766	-3.08785249458	39.5199478179	-50	1054
SAF	81	-2.93827160494	18.4880675565	-26	72
SAN	6057	-1.55902261846	29.95713348	-52	1367
SAT	3290	-1.09240121581	29.6780633809	-64	345
SAV	630	4.46031746032	45.4916353173	-38	523
SBA	906	2.68874172185	31.0639729357	-32	284
SBN	369	8.30894308943	45.6318199336	-43	254
SBP	389	3.13624678663	36.357183486	-30	367
SCC	55	-4.72727272727	14.943665257	-28	46
SCE	55	0.527272727273	55.9341062539	-35	368
SDF	1240	4.32741935484	41.5092497033	-38	534
SEA	7185	0.671816283925	28.8859166032	-55	859
SFO	13015	0.011601997695	27.7853432502	-55	389
SGF	468	10.2670940171	54.640613121	-38	455
SGU	165	5.91515151515	36.530876693	-30	278
SHD	13	-6.76923076923	15.1060354724	-34	18
SHV	570	5.0701754386	40.3716302491	-31	353
SIT	89	4.40449438202	39.782853519	-25	242
SJC	3120	-0.634935897436	20.0955172782	-45	256
SJT	116	-2.29310344828	19.0258484317	-21	95
SJU	2267	-1.86634318483	37.0988071573	-58	612
SLC	8824	11.6752039891	48.38574638	-43	672
SMF	3386	2.02333136444	30.462370699	-40	1117
SMX	105	-6.35238095238	12.344401528	-25	70
SNA	3325	-2.24511278195	25.6296709698	-44	481
SPI	135	6.85185185185	45.8621423103	-32	345
SPS	91	-3.6043956044	18.1014911116	-25	60
SRQ	406	4.16748768473	47.4898978429	-33	492
STL	4633	1.2357004101	31.1262909407	-60	403
STT	373	-8.81501340483	28.1627487855	-55	180
STX	79	-2.88607594937	25.9016816313	-39	111
SUN	98	23.4285714286	62.9034606427	-25	516
SUX	56	23.0714285714	146.577668787	-38	1015
SWF	133	-1.06766917293	28.9895998824	-36	170
SYR	643	7.7433903577	53.962411335	-38	985
TLH	401	-2.73067331671	29.1103466451	-37	266
TPA	5377	-3.47108052818	26.9529867682	-65	373
TRI	195	7.26153846154	40.0285762318	-35	274
TTN	10	15.5	20.5926092459	-5	57
TUL	1548	4.72351421189	35.2151542282	-38	469
TUS	1631	-1.53464132434	25.9421228486	-48	383
TVC	216	16.412037037	56.2497887832	-43	345
TWF	86	9.25581395349	50.5783459936	-34	277
TXK	86	17.7441860465	104.267775863	-29	838
TYR	202	-3.9603960396	35.1566277318	-32	318
TYS	873	9.04810996564	57.3050342364	-37	849
VLD	84	-9.15476190476	18.08780062	-26	112
VPS	410	-0.482926829268	24.5027008385	-36	141
WRG	61	-7.08196721311	14.8607930273	-28	56
XNA	971	9.32955715757	48.6389871803	-49	584
YAK	54	-11.462962963	30.3418964115	-50	130
YUM	248	-2.97177419355	16.1614829784	-35	124
